192
433
276
170
445
363
376
282
248
210
201
350
342
399
221
235
258
472
244
251
280
315
387
330
257
393
396
315
225
510
296
429
192
153
189
490
70
366
265
360
266
385
268
408
314
302
375
137
273
373
263
309
311
187
400
485
266
235
254
231
407
252
330
311
429
184
181
197
115
463
253
123
352
261
291
259
368
426
149
356
157
323
326
397
223
201
371
381
208
179
260
238
336
319
194
347
206
201
338
328
231
246
170
210
209
217
-26
348
336
274
191
270
406
486
154
354
407
164
263
350
179
408
298
335
467
241
543
42
307
282
352
288
305
228
370
360
247
365
420
305
446
177
347
163
379
193
447
64
290
414
275
295
247
308
53
226
314
478
391
320
323
331
226
283
261
298
236
151
115
275
250
304
288
336
421
168
418
214
262
226
318
238
145
362
199
303
206
263
478
402
430
352
239
156
310
380
312
251
341
338
349
140
342
306
326
271
458
48
236
344
241
363
248
340
94
337
121
124
235
288
237
453
389
199
240
387
299
274
518
380
349
254
293
250
662
277
223
319
392
195
337
409
410
199
267
195
160
325
238
466
365
381
252
250
419
139
278
155
178
339
233
273
374
200
374
327
266
387
304
337
206
115
354
332
182
297
436
229
334
187
262
265
367
419
317
341
364
229
336
261
158
382
276
205
294
198
242
323
210
374
400
219
507
349
371
271
279
282
227
159
182
346
196
121
182
201
234
381
277
421
242
147
354
522
281
338
370
288
182
279
283
296
223
206
107
280
182
380
339
227
366
352
107
150
239
211
441
299
287
538
291
375
438
298
398
286
223
414
297
345
268
374
298
358
399
237
233
266
147
235
439
315
653
363
524
327
370
328
427
242
500
346
243
360
253
200
208
411
446
218
345
282
54
283
284
73
303
182
472
202
435
197
540
311
247
402
267
249
211
199
317
301
329
399
327
269
327
432
323
189
255
303
199
338
389
199
309
309
404
305
321
437
292
333
342
284
281
315
221
145
494
465
347
351
318
446
239
378
442
276
166
358
292
262
251
151
209
183
259
176
201
337
382
296
452
268
388
383
346
308
251
557
296
260
272
237
211
387
333
273
166
297
203
302
295
276
347
223
454
310
241
298
290
233
281
522
272
323
424
99
284
337
156
75
62
306
220
414
452
366
417
370
39
371
383
145
244
265
214
413
454
212
332
252
282
298
133
433
245
109
214
376
112
304
309
269
483
278
389
183
211
238
348
364
245
384
168
353
215
233
171
389
344
275
199
247
285
379
236
338
133
222
292
272
278
369
401
320
409
479
311
243
418
77
320
366
339
261
222
378
260
181
245
309
334
476
401
265
185
289
279
129
260
113
436
374
441
405
471
340
214
196
299
135
443
191
263
218
244
421
187
243
262
194
366
210
332
419
243
132
152
521
313
326
288
41
301
350
156
484
324
320
373
314
388
294
343
313
318
469
111
383
311
339
224
206
245
286
335
242
233
409
338
242
362
309
226
402
317
545
276
297
215
164
403
274
172
209
113
479
265
415
231
306
347
339
232
254
295
432
482
350
285
379
327
348
450
376
166
252
324
96
149
196
312
43
451
210
206
171
192
448
551
152
313
235
357
238
316
293
375
402
346
80
532
364
406
335
157
119
415
453
260
301
282
454
315
274
225
263
161
264
378
423
224
164
170
407
471
303
270
157
509
387
308
290
346
247
327
473
291
225
319
214
198
426
240
320
249
271
266
324
243
236
179
337
242
362
368
318
452
289
361
488
492
273
370
240
242
318
173
306
219
269
290
228
185
280
345
284
440
279
439
413
203
351
220
354
277
205
396
331
470
248
211
304
303
338
253
267
421
379
485
204
485
339
292
413
289
417
281
297
463
431
346
267
345
250
234
283
161
50
379
298
326
307
168
356
266
258
375
238
353
315
200
238
138
338
206
285
317
414
441
219
340
322
403
223
323
431
297
153
391
293
237
446
82
453
152
265
262
257
166
320
476
292
328
643
286
197
392
306
232
298
302
313
388
382
394
394
144
113
315
237
359
386
270
176
182
292
377
527
448
212
365
288
176
297
179
278
445
294
483
271
374
389
343
316
130
316
413
350
393
407
111
420
440
335
337
322
276
292
426
399
287
167
221
303
361
246
183
453
380
266
231
286
356
226
414
103
245
289
314
322
464
371
304
239
235
87
222
404
359
450
466
370
211
429
314
318
96
220
506
-20
409
231
357
149
212
338
322
334
302
228
240
102
170
259
243
394
298
337
179
137
381
260
326
396
340
136
250
311
497
146
296
237
317
359
360
53
530
432
257
168
247
421
257
421
219
175
332
293
138
371
313
315
333
373
385
292
357
242
286
250
232
373
302
140
352
406
280
434
316
331
367
470
168
261
315
450
402
291
184
311
384
123
279
215
288
264
272
218
259
387
280
271
308
140
464
437
430
276
129
409
218
307
304
191
272
409
429
291
533
429
272
233
242
323
285
450
270
192
301
358
456
257
259
337
214
260
282
215
427
406
196
474
277
253
203
393
192
442
428
392
446
316
515
210
214
277
220
410
349
428
447
156
248
274
299
466
317
282
368
393
315
230
327
205
248
368
294
45
282
322
284
139
303
271
96
348
391
182
524
299
223
471
416
351
340
341
357
238
382
216
243
178
360
449
473
289
220
130
209
30
314
269
335
296
181
310
506
428
247
317
65
354
259
247
327
119
354
58
229
486
353
240
593
257
193
264
377
410
297
367
228
138
310
257
384
186
281
155
209
212
358
236
330
318
234
385
288
353
209
468
338
310
299
261
476
396
345
268
193
194
155
242
323
301
346
373
330
285
294
376
317
322
227
291
460
402
415
302
249
382
380
202
343
176
183
413
243
500
345
328
220
309
89
189
415
337
338
278
257
204
258
463
269
344
222
341
499
322
359
416
293
189
284
371
340
94
287
288
284
287
380
234
143
224
196
174
255
244
303
160
218
126
434
262
351
482
433
457
487
419
232
140
156
357
281
171
164
174
210
118
235
250
157
141
413
196
294
515
371
141
177
191
379
63
412
308
144
201
344
324
349
181
340
289
370
367
123
255
434
104
215
274
250
349
132
346
322
463
307
319
262
231
285
332
298
398
261
302
391
285
347
176
217
123
322
477
261
199
326
349
320
279
219
384
321
278
274
309
293
428
258
88
329
311
84
386
177
412
287
354
72
369
161
238
467
256
377
165
387
411
286
357
129
367
383
348
328
490
355
227
245
164
404
170
453
302
28
350
336
311
416
204
539
327
407
322
241
380
357
396
225
268
385
98
240
189
333
270
462
301
411
234
358
509
310
448
347
179
213
467
336
263
386
315
314
420
177
253
240
42
242
252
367
417
330
442
315
201
402
392
336
159
442
147
270
358
152
430
335
312
160
273
276
366
175
317
403
207
348
183
212
155
309
295
409
337
555
434
163
385
389
168
-12
343
201
484
433
237
251
340
463
114
420
232
247
218
180
380
324
350
366
448
74
294
363
272
255
374
223
261
284
289
277
341
295
328
286
287
463
239
575
249
359
265
374
259
345
430
312
284
391
458
208
200
287
427
300
483
210
401
332
294
344
369
347
277
386
212
465
550
248
247
434
455
297
328
365
257
404
197
272
178
211
408
349
214
327
108
293
306
356
-14
302
272
206
450
217
266
213
210
383
284
364
44
345
399
65
323
303
300
320
167
484
439
372
211
321
282
255
283
261
198
218
288
336
186
200
261
267
351
207
229
309
496
347
350
298
324
283
161
212
308
311
253
217
443
250
186
236
300
361
328
382
335
348
401
173
403
208
402
456
556
326
241
332
294
228
318
443
319
302
252
139
276
259
246
194
342
362
398
226
372
203
549
429
373
471
211
512
304
403
354
362
298
369
153
361
324
240
268
260
566
447
223
286
248
262
180
205
242
278
280
255
241
220
437
217
237
144
297
316
368
395
173
469
214
139
42
394
187
252
332
226
386
192
190
243
337
282
398
396
111
311
310
210
383
381
391
45
157
303
394
377
440
371
401
284
216
496
175
102
495
424
293
273
313
267
309
419
201
364
513
163
262
280
361
254
268
235
402
148
240
463
202
258
314
547
261
458
258
243
215
357
323
378
355
283
399
207
241
468
485
43
284
329
292
269
277
402
283
158
102
318
208
366
241
269
273
275
297
131
467
149
172
174
242
244
274
332
243
323
65
149
402
109
279
151
251
393
307
321
259
176
222
270
155
129
583
358
303
400
336
431
302
148
267
98
323
365
210
353
240
270
346
399
308
353
393
318
130
334
212
386
387
410
301
261
436
419
231
261
434
236
375
221
276
279
357
137
313
282
262
212
310
286
335
290
323
208
315
470
366
413
432
207
404
282
384
294
209
142
227
360
270
235
546
395
349
411
167
202
353
503
245
256
359
207
303
419
390
527
319
405
210
351
192
322
357
231
305
595
339
334
468
354
278
299
538
246
278
266
312
450
413
283
283
145
210
335
431
356
300
67
367
260
297
126
148
221
359
236
203
445
126
163
95
409
22
218
303
407
453
305
242
219
425
275
297
215
311
409
139
362
319
297
378
290
323
221
207
352
244
315
350
412
297
243
333
149
71
221
239
145
390
279
214
259
537
278
559
161
236
347
334
205
324
320
294
295
349
309
113
335
229
238
233
199
352
304
349
300
510
369
92
381
419
209
382
381
343
130
384
116
291
326
235
301
292
342
278
365
261
105
117
239
239
339
331
273
186
314
352
407
298
85
282
345
231
433
355
295
212
257
274
281
287
276
266
312
556
344
230
337
514
363
241
327
123
331
392
501
259
292
332
169
123
404
402
138
222
328
210
368
323
367
119
306
278
211
371
499
316
542
288
306
301
130
471
293
193
377
347
204
201
256
427
179
196
366
49
297
450
215
369
298
306
163
200
411
251
410
379
249
151
237
218
295
273
473
363
312
402
206
161
331
353
160
327
263
369
283
264
329
257
258
194
485
294
387
301
321
343
183
226
346
244
293
347
333
395
293
416
254
286
324
281
469
208
438
388
433
269
305
446
366
270
200
400
245
260
373
252
306
319
217
146
350
422
-68
392
487
243
103
300
433
303
278
317
195
210
395
396
414
262
332
323
320
342
236
333
270
295
203
289
165
417
180
471
53
208
324
316
284
315
327
245
316
390
323
381
266
153
362
283
274
210
281
68
330
326
320
316
240
199
339
293
345
267
334
406
252
170
194
217
339
302
277
332
192
300
341
443
272
278
320
223
442
136
204
315
303
369
221
479
335
344
203
162
340
315
223
104
371
577
416
285
323
267
412
243
326
130
363
214
252
347
294
534
276
405
170
264
389
310
249
270
228
256
426
281
413
378
311
272
258
243
353
234
261
426
225
203
299
346
220
435
297
256
217
421
323
401
329
147
282
301
220
233
251
133
10
335
193
285
228
150
238
220
345
400
256
191
417
409
385
280
241
446
284
344
241
82
426
127
136
409
384
243
67
298
119
180
282
319
287
313
353
419
383
343
197
407
259
261
332
371
165
266
344
266
404
362
346
320
258
401
309
241
216
358
278
272
333
181
187
403
320
259
402
352
347
279
338
198
539
307
407
478
308
283
439
360
186
167
315
363
323
248
387
352
161
369
478
156
161
263
229
481
326
256
304
363
266
147
476
297
297
348
145
306
315
176
306
336
228
360
302
174
163
344
312
402
191
385
275
326
271
318
311
227
269
354
443
355
204
193
192
323
143
344
80
244
270
396
284
104
426
372
276
144
497
338
186
424
55
338
404
190
342
407
319
303
282
305
308
447
398
222
205
444
306
339
402
467
531
186
301
173
269
333
383
374
208
352
176
319
264
236
106
284
333
359
376
266
408
398
329
314
136
344
187
225
278
280
407
360
278
317
396
356
408
355
205
431
382
227
333
475
20
202
367
140
158
485
113
360
355
330
312
270
298
424
328
372
350
266
227
318
151
312
330
463
265
293
413
208
111
351
513
333
298
130
276
309
346
340
401
378
228
307
400
465
263
297
247
355
251
426
475
363
169
132
270
357
316
344
276
272
167
468
292
226
222
281
323
368
384
412
249
193
324
252
255
398
224
342
172
370
125
277
143
368
270
325
303
377
251
421
170
288
244
267
191
260
231
231
361
186
404
129
256
417
426
349
335
320
336
185
433
264
139
550
422
421
307
337
294
397
248
240
372
291
448
132
239
346
338
220
390
95
334
433
288
331
285
258
420
182
209
278
271
370
282
243
396
218
352
314
259
560
184
295
382
350
410
311
267
277
103
283
110
246
295
252
299
549
246
194
158
463
258
294
442
145
135
386
342
353
213
330
274
270
275
334
315
378
389
423
227
402
134
484
218
192
315
505
316
365
206
100
233
259
159
359
366
274
82
208
502
277
289
365
328
340
267
282
424
274
250
406
62
413
281
347
514
382
248
222
258
160
303
305
373
367
298
444
346
265
427
328
350
328
318
282
335
485
374
286
182
252
350
371
445
278
491
318
244
329
297
226
370
308
529
299
501
377
216
194
324
243
324
295
408
282
315
356
92
131
226
259
286
164
377
424
499
272
431
236
298
321
470
310
344
319
179
345
523
368
431
354
335
495
402
336
232
350
357
230
253
412
533
186
391
312
333
163
144
397
475
242
408
242
298
278
269
366
506
320
367
372
297
292
314
370
19
241
69
143
147
330
251
328
316
267
347
307
276
347
333
318
328
312
341
378
305
418
326
308
350
362
169
294
338
201
187
399
211
379
215
199
257
352
256
286
502
318
429
236
262
283
334
408
233
270
436
284
384
215
232
415
261
137
292
220
503
211
372
287
353
178
377
381
328
259
304
286
204
343
392
202
317
359
195
285
192
333
217
397
287
309
239
458
145
370
375
265
191
506
341
388
317
418
366
412
273
242
305
223
498
241
525
339
182
200
460
259
319
341
460
334
436
247
429
299
226
411
222
151
257
191
370
300
297
274
309
326
265
321
402
433
287
446
446
355
222
326
210
398
259
219
249
235
214
340
314
283
165
449
285
213
365
399
385
374
207
436
258
303
222
356
328
277
270
494
338
226
485
297
359
251
305
322
349
369
177
438
360
271
410
314
357
256
451
316
192
327
394
258
298
215
247
234
230
350
98
426
259
278
382
322
280
366
162
273
193
252
383
263
122
240
424
285
249
193
227
174
223
157
294
444
483
369
455
401
176
216
157
344
395
164
321
356
273
290
307
352
33
288
223
522
287
317
363
339
285
320
359
322
276
265
169
96
441
246
326
588
211
310
391
166
314
321
296
275
456
154
323
327
343
441
312
327
419
199
221
263
228
309
281
527
325
180
285
414
281
380
264
343
307
157
120
327
402
252
126
355
478
351
355
341
224
120
389
447
261
439
82
128
294
393
372
329
323
420
222
348
281
332
424
332
290
393
280
517
107
307
333
319
353
461
351
366
329
405
396
271
345
206
277
405
321
188
358
300
118
296
326
146
366
299
249
149
283
248
318
288
247
254
327
111
178
379
184
332
258
387
250
417
315
306
321
333
421
322
335
294
416
246
341
283
279
246
281
230
194
218
461
216
334
235
181
275
403
313
266
278
292
234
211
188
290
335
264
428
338
331
346
339
400
166
378
349
203
405
425
285
160
269
354
341
406
314
329
137
196
390
311
224
420
328
176
266
286
395
402
384
164
218
442
338
449
216
314
307
258
352
218
330
351
281
147
379
305
365
153
341
334
409
361
335
419
68
345
214
240
695
311
401
343
241
398
390
309
292
344
404
245
415
423
110
262
269
300
146
247
350
371
351
187
277
374
122
244
319
179
304
319
413
316
307
255
322
241
210
319
203
101
405
76
374
358
265
299
379
238
377
400
378
466
440
167
359
330
217
184
292
314
521
423
242
291
263
139
206
167
384
385
157
292
276
337
387
8
219
251
144
346
330
448
344
51
272
255
151
296
189
301
278
235
251
282
69
293
343
301
290
331
347
228
254
148
316
213
280
221
255
216
285
398
444
134
315
426
254
367
236
282
518
365
207
388
244
272
394
451
336
282
200
214
67
388
388
312
274
167
345
545
430
50
290
326
426
363
391
555
487
216
403
261
239
237
285
260
408
188
247
341
349
275
244
379
119
347
203
297
373
373
507
262
403
224
218
205
322
157
413
240
552
210
373
289
268
396
402
311
283
401
336
195
372
428
134
322
488
183
212
473
128
253
302
309
349
238
228
348
45
202
248
303
316
257
385
314
292
138
264
248
361
370
257
298
299
347
225
285
302
401
369
199
266
442
305
179
246
384
304
226
433
253
144
278
430
262
323
337
461
303
352
159
326
265
234
517
197
282
289
389
434
535
286
78
253
352
441
311
413
322
381
263
265
296
322
165
403
380
314
159
373
353
199
200
319
186
257
283
239
250
185
262
295
300
489
224
451
231
499
293
335
97
453
304
257
311
11
396
111
416
391
328
228
369
241
179
229
436
445
232
200
168
318
376
325
191
305
348
408
310
86
414
187
192
457
487
265
351
446
254
262
287
232
238
416
176
219
305
369
141
349
250
389
544
218
309
381
142
280
270
253
332
337
323
178
297
476
445
271
275
202
330
451
77
469
204
463
514
302
215
276
411
272
216
273
346
214
303
326
281
314
173
283
136
245
187
304
323
432
119
270
250
96
401
406
428
203
148
361
430
264
450
228
383
218
481
483
361
188
296
328
350
384
121
415
210
334
362
324
271
155
477
309
285
195
262
399
258
325
403
221
204
383
377
237
358
331
258
463
489
199
231
227
306
339
269
294
373
398
410
246
321
277
198
367
312
184
332
407
440
370
429
312
435
257
396
345
335
483
364
126
227
391
171
290
310
267
298
396
383
333
212
245
259
332
457
393
286
245
180
341
528
431
207
400
274
262
450
321
405
281
303
226
267
310
205
364
327
415
313
164
495
413
374
236
335
442
406
456
272
207
113
296
274
217
407
217
442
235
220
266
432
349
333
229
131
286
304
326
253
304
228
281
340
320
301
317
246
288
452
324
271
248
229
326
358
234
296
280
369
333
183
350
342
403
296
322
233
434
126
465
347
127
204
426
156
295
232
88
304
401
368
247
287
298
392
236
329
158
225
397
231
261
371
271
412
358
352
360
203
523
212
171
364
333
324
392
232
440
157
593
272
265
449
246
263
223
315
302
317
382
317
205
319
409
274
149
348
328
312
208
418
409
427
317
139
370
164
393
374
393
436
123
170
420
308
288
352
432
191
297
184
344
273
417
350
260
216
110
421
30
317
364
280
225
312
168
457
50
172
160
327
207
243
309
495
383
182
440
173
281
374
355
448
522
307
201
148
277
328
182
300
496
246
184
103
45
272
218
224
218
303
308
224
320
337
261
223
329
304
355
483
200
281
326
452
271
425
147
230
367
241
329
404
254
332
165
315
295
96
202
356
152
433
361
331
273
213
288
253
442
185
438
456
347
324
350
272
536
225
296
237
338
256
311
226
360
272
249
134
172
334
149
224
439
298
256
433
409
286
271
199
74
506
242
182
256
351
338
289
83
361
253
208
248
289
348
199
303
98
473
327
461
445
291
318
259
342
233
247
346
196
268
247
241
160
156
304
287
344
270
298
343
310
268
311
288
428
121
228
287
385
451
178
228
308
314
393
303
262
296
223
469
234
179
308
222
224
199
264
174
255
342
413
352
256
375
174
257
287
336
182
147
259
398
240
166
266
149
258
500
257
208
412
372
230
331
365
209
261
388
305
303
48
276
286
372
438
304
465
454
360
293
312
349
148
293
395
249
282
402
473
367
185
342
328
513
191
306
174
398
286
321
443
307
256
149
307
411
79
157
287
371
332
393
334
360
314
434
211
517
407
266
455
280
199
252
346
438
390
236
289
267
327
228
302
339
271
454
330
287
376
326
226
263
249
320
334
337
210
257
276
235
376
428
374
330
337
209
411
399
315
499
151
265
118
276
332
382
296
449
281
296
225
145
380
264
520
279
152
321
194
302
372
267
461
266
232
186
187
176
365
237
216
469
261
308
161
168
286
333
440
194
407
317
301
291
309
312
349
388
191
279
374
241
257
484
261
207
288
513
221
521
306
162
179
309
78
313
250
240
273
395
366
403
25
328
202
531
378
322
524
406
338
269
314
250
407
196
453
184
368
254
252
277
109
273
258
482
154
254
458
158
235
238
314
287
291
209
198
229
325
214
232
263
307
435
232
319
262
224
216
288
235
342
236
400
523
299
342
383
277
413
354
250
255
235
332
338
241
152
198
347
361
297
304
197
248
141
154
347
245
167
315
279
279
383
256
157
203
194
283
254
409
349
161
486
336
240
372
375
360
370
226
381
196
337
356
487
283
399
346
414
354
337
248
243
327
129
261
353
418
393
262
378
356
392
307
200
416
340
298
324
369
365
216
428
436
259
516
331
82
133
85
406
566
290
308
394
220
314
358
175
183
407
81
323
231
204
242
437
385
301
251
277
272
306
387
213
261
146
294
336
332
97
222
311
347
274
179
541
262
504
353
228
305
373
372
226
209
174
260
337
307
257
362
353
302
276
296
239
216
382
181
251
221
356
249
386
351
407
216
197
320
331
271
344
295
153
388
359
339
240
473
264
211
283
382
300
423
151
328
95
278
337
336
507
360
323
306
245
348
129
279
283
339
367
362
350
376
310
372
217
234
293
143
226
466
31
173
267
350
358
315
236
432
57
394
269
348
313
105
174
424
444
-188
141
352
324
322
217
459
267
305
207
207
299
256
199
308
238
392
174
282
400
136
248
62
381
425
312
341
278
404
342
279
319
362
352
393
445
292
260
453
274
267
355
194
245
422
231
314
256
304
246
269
172
370
198
131
102
136
343
313
227
279
350
276
148
452
119
178
304
180
431
95
281
266
412
191
480
225
283
365
227
331
275
344
140
290
364
393
282
276
197
369
317
346
333
271
320
400
415
506
280
352
346
263
424
189
272
468
402
326
374
166
240
525
187
501
212
292
344
248
350
324
385
608
201
309
172
306
215
202
489
307
219
242
382
243
389
299
257
322
244
231
374
329
475
234
242
461
451
221
235
428
391
240
431
276
406
474
395
422
304
256
343
196
329
291
174
188
311
376
422
395
235
241
271
261
305
327
376
450
180
376
335
212
290
91
197
254
504
325
201
154
333
334
224
311
389
339
199
305
523
312
140
361
264
263
238
252
364
158
332
177
335
286
152
270
428
389
307
340
305
148
320
303
259
292
332
280
232
405
231
298
148
210
400
334
334
347
273
127
115
312
276
311
330
445
364
383
142
233
275
290
188
506
189
378
183
283
204
187
415
221
218
449
230
376
163
208
285
389
522
208
246
157
268
